




0.001000 0.000000 0 0
0.001000 10000.000000 1 1
0.258268 568.561873 1 11
0.047776 5551.839465 1 15
0.051117 501.672241 1 17
0.001000 0.000000 0 20
0.017706 334.448161 1 19
0.014365 167.224080 1 19
0.001000 0.000000 2 18
0.014365 133.779264 5 19
0.004341 0.000000 1 20
0.014365 200.668896 3 20
0.031070 4247.491639 5 17
0.051117 3612.040134 7 17
0.004341 0.000000 3 20
0.011023 367.892977 7 20
0.001000 0.000000 4 16
0.001000 0.000000 4 20
0.027729 2742.474916 7 16
0.004341 0.000000 5 20
0.001000 0.000000 1 19
0.004341 0.000000 1 19
0.024388 602.006689 11 17
0.004341 0.000000 7 20
0.004341 4481.605351 4 16
0.014365 334.448161 7 15
0.004341 0.000000 3 19
0.001000 0.000000 6 18
0.011023 535.117057 7 20
0.004341 0.000000 9 20
0.004341 0.000000 5 19
0.017706 267.558528 15 19
0.051117 301.003344 8 20
0.001000 0.000000 9 18
0.004341 0.000000 13 20
0.004341 200.668896 11 19
0.014365 568.561873 10 20
0.001000 0.000000 7 17
0.054458 2006.688963 18 19
0.004341 0.000000 10 18
0.001000 0.000000 10 20
0.047776 3678.929766 19 20
0.004341 0.000000 12 19
0.007682 167.224080 9 20
0.004341 0.000000 16 20
0.011023 367.892977 13 20
0.001000 0.000000 13 20
0.017706 501.672241 12 20
0.034411 1404.682274 19 20
0.004341 0.000000 7 19
0.004341 0.000000 18 20
0.001000 0.000000 17 20
0.007682 367.892977 18 20
0.007682 66.889632 14 20
0.007682 33.444816 12 18
0.007682 100.334448 17 20
0.001000 0.000000 20 20
0.037753 903.010033 19 20
0.004341 0.000000 20 20
0.007682 66.889632 19 20
0.014365 468.227425 20 20
0.001000 0.000000 14 17
0.011023 167.224080 20 20
0.004341 66.889632 19 20
0.024388 903.010033 20 20
0.004341 33.444816 20 20
0.021047 635.451505 19 20
0.007682 200.668896 20 20
0.044435 3712.374582 10 20
0.004341 66.889632 20 20
0.014365 66.889632 20 20
0.004341 0.000000 19 20
0.044435 802.675585 19 20
0.001000 0.000000 19 20
0.004341 33.444816 18 20
0.014365 1036.789298 20 20
0.007682 100.334448 20 20
0.017706 702.341137 20 20
0.001000 0.000000 17 18
0.014365 167.224080 20 20
0.007682 33.444816 20 20
0.031070 1103.678930 20 20
0.004341 0.000000 15 20
0.007682 133.779264 20 20
0.034411 0.000000 20 20
0.004341 33.444816 17 19
0.017706 434.782609 20 20
0.001000 0.000000 11 18
0.011023 234.113712 20 20
0.007682 0.000000 20 20
0.021047 869.565217 20 20
0.064482 2240.802676 19 20
0.004341 0.000000 11 19
0.014365 367.892977 20 20
