




0.001000 0.001000 -10000.000000 -10000.000000 0 0
0.001000 0.911853 -10000.000000 -7058.823529 0 0
0.001000 0.471118 -10000.000000 -2352.941176 0 0
0.559265 0.471118 3529.411765 7058.823529 0 10
0.001000 0.001000 10000.000000 -5882.352941 0 6
1.000000 0.001000 -1176.470588 10000.000000 0 0
0.001000 0.471118 10000.000000 -2352.941176 0 6
0.001000 0.911853 -10000.000000 2352.941176 0 8
0.001000 0.911853 -8823.529412 -1176.470588 0 2
0.001000 0.001000 -7058.823529 -4117.647059 0 10
0.001000 0.471118 10000.000000 -2352.941176 0 10
0.001000 1.000000 -5294.117647 2352.941176 1 9
0.001000 0.823706 -7647.058824 -1176.470588 0 4
0.001000 0.500500 4705.882353 -2352.941176 0 4
0.001000 0.001000 6470.588235 -4705.882353 8 10
0.970618 0.001000 2352.941176 -9411.764706 8 10
0.001000 0.764941 10000.000000 -1176.470588 0 6
0.353588 0.382971 -8823.529412 -10000.000000 1 9
0.001000 0.001000 7058.823529 -4705.882353 5 9
0.001000 0.706176 10000.000000 -1176.470588 1 10
0.001000 0.441735 -8823.529412 -2352.941176 6 10
0.382971 0.382971 1176.470588 -4705.882353 1 9
0.588647 0.441735 -7058.823529 1764.705882 1 9
0.001000 0.001000 7058.823529 -4117.647059 2 10
0.001000 1.000000 -10000.000000 -4705.882353 1 9
0.001000 0.529882 10000.000000 -2352.941176 0 2
0.001000 1.000000 -10000.000000 4705.882353 1 9
0.001000 0.882471 10000.000000 -1176.470588 1 10
0.001000 1.000000 -10000.000000 -4705.882353 1 2
0.001000 1.000000 -10000.000000 4705.882353 1 2
0.001000 0.941235 -10000.000000 -4705.882353 1 7
0.001000 0.941235 10000.000000 4705.882353 1 7
0.001000 0.823706 8235.294118 2352.941176 2 8
0.001000 0.588647 10000.000000 -2352.941176 1 10
0.001000 1.000000 7058.823529 2352.941176 1 2
0.001000 0.001000 8235.294118 8823.529412 9 10
0.001000 0.001000 7647.058824 8235.294118 8 9
0.001000 0.001000 8235.294118 -2941.176471 3 10
0.353588 0.382971 4705.882353 -1176.470588 3 9
0.882471 0.941235 -3529.411765 -7058.823529 9 10
1.000000 0.970618 -2352.941176 -4705.882353 2 3
0.001000 0.823706 9411.764706 -1176.470588 5 10
0.441735 0.471118 -2352.941176 -9411.764706 3 6
0.823706 0.882471 -4705.882353 -4705.882353 8 9
1.000000 0.970618 2352.941176 4705.882353 5 6
1.000000 0.853088 -1176.470588 -4705.882353 3 4
0.001000 1.000000 -7647.058824 2352.941176 10 10
0.588647 0.706176 -9411.764706 2352.941176 8 9
1.000000 0.823706 -2352.941176 -4705.882353 7 10
0.001000 0.001000 5882.352941 -5294.117647 6 10
0.001000 0.735559 8823.529412 -9411.764706 5 9
0.500500 0.588647 -9411.764706 -2352.941176 5 8
0.001000 0.911853 -4705.882353 4705.882353 1 5
0.588647 0.706176 -9411.764706 1176.470588 8 9
0.001000 1.000000 -3529.411765 -9411.764706 9 10
0.001000 0.001000 7058.823529 -7647.058824 7 8
0.970618 1.000000 -8823.529412 8235.294118 8 9
0.001000 0.911853 -4705.882353 -4705.882353 1 5
0.559265 0.676794 -9411.764706 -2352.941176 7 10
0.001000 0.001000 9411.764706 10000.000000 9 10
0.177294 0.147912 4117.647059 2941.176471 6 8
1.000000 0.911853 -1176.470588 -4705.882353 8 10
1.000000 1.000000 4705.882353 1176.470588 4 5
0.676794 0.764941 9411.764706 4705.882353 3 9
1.000000 0.764941 -9411.764706 1176.470588 1 9
0.618029 0.647412 -9411.764706 -2352.941176 9 10
0.001000 1.000000 -3529.411765 9411.764706 9 10
0.823706 0.647412 9411.764706 -4705.882353 5 10
0.001000 0.001000 8823.529412 -4117.647059 8 9
0.177294 0.147912 -6470.588235 -8823.529412 6 8
1.000000 1.000000 588.235294 6470.588235 8 9
0.882471 0.882471 -3529.411765 -7647.058824 6 7
1.000000 1.000000 1764.705882 -7647.058824 9 10
0.706176 0.764941 7058.823529 -7647.058824 8 9
0.970618 1.000000 -6470.588235 3529.411765 9 10
0.265441 0.412353 -2352.941176 4705.882353 8 8
0.823706 0.823706 -10000.000000 -8235.294118 9 10
0.001000 0.970618 -7058.823529 2352.941176 7 9
0.294824 0.294824 8823.529412 3529.411765 8 9
0.001000 1.000000 -4117.647059 1176.470588 6 10
0.823706 0.823706 8235.294118 10000.000000 9 10
0.412353 0.412353 7647.058824 -8823.529412 9 10
1.000000 1.000000 8823.529412 -9411.764706 9 10
0.353588 0.382971 4705.882353 588.235294 3 9
0.794324 0.794324 7647.058824 -8235.294118 9 10
0.853088 0.647412 -9411.764706 1176.470588 10 10
0.294824 0.294824 -8823.529412 -3529.411765 8 9
0.001000 1.000000 3529.411765 -10000.000000 9 10
0.676794 0.618029 4705.882353 9411.764706 9 10
0.001000 1.000000 -4117.647059 -5294.117647 7 10
0.500500 0.294824 -7058.823529 -1176.470588 0 10
0.882471 0.882471 5294.117647 8823.529412 9 10
0.001000 1.000000 8235.294118 7058.823529 2 10
0.118529 0.030382 -9411.764706 7647.058824 3 6
1.000000 0.970618 2352.941176 4705.882353 1 5
1.000000 1.000000 3529.411765 -9411.764706 9 10
1.000000 1.000000 3529.411765 7647.058824 9 10
0.559265 0.764941 -10000.000000 8823.529412 10 10
0.001000 1.000000 3529.411765 7647.058824 9 10
0.001000 1.000000 -3529.411765 4705.882353 10 10
0.882471 1.000000 -10000.000000 3529.411765 9 10
0.970618 0.911853 -2352.941176 9411.764706 9 10
0.618029 0.559265 4705.882353 -9411.764706 5 8
0.001000 0.001000 5882.352941 1764.705882 3 9
0.559265 0.588647 8235.294118 7647.058824 9 10
0.001000 1.000000 4705.882353 -7058.823529 6 10
0.764941 0.794324 6470.588235 5882.352941 9 10
0.970618 1.000000 -3529.411765 4705.882353 9 10
0.823706 0.823706 1764.705882 2941.176471 9 10
0.001000 1.000000 4117.647059 -3529.411765 7 10
0.294824 0.324206 -2352.941176 9411.764706 9 10
1.000000 1.000000 6470.588235 7647.058824 9 10
0.324206 0.265441 -4705.882353 -2352.941176 6 8
1.000000 0.001000 -4705.882353 3529.411765 10 10
0.001000 0.001000 -7058.823529 8823.529412 6 9
1.000000 1.000000 5882.352941 9411.764706 9 10
0.853088 0.647412 -4705.882353 9411.764706 10 10
0.001000 1.000000 -4705.882353 -7647.058824 6 10
0.001000 1.000000 -6470.588235 588.235294 4 10
0.500500 0.412353 6470.588235 -7647.058824 6 10
0.001000 1.000000 -3529.411765 -2352.941176 10 10
0.001000 1.000000 -3529.411765 5294.117647 10 10
1.000000 0.001000 -1764.705882 3529.411765 10 10
0.529882 0.559265 -1176.470588 9411.764706 7 8
0.823706 0.853088 -4117.647059 5882.352941 9 10
0.001000 1.000000 -3529.411765 2352.941176 9 9
0.001000 1.000000 5294.117647 8235.294118 5 10
0.001000 1.000000 -3529.411765 -1176.470588 10 10
0.588647 0.559265 -6470.588235 1764.705882 9 10
0.001000 1.000000 4705.882353 -8823.529412 6 10
0.001000 1.000000 -3529.411765 4117.647059 10 10
0.941235 0.823706 -2352.941176 5882.352941 1 7
0.177294 0.412353 -8823.529412 -8823.529412 8 9
0.001000 1.000000 -5882.352941 3529.411765 5 10
0.911853 0.794324 10000.000000 -8823.529412 8 10
0.911853 0.970618 -10000.000000 -10000.000000 9 10
0.706176 0.823706 -3529.411765 -6470.588235 6 9
0.941235 0.970618 6470.588235 4117.647059 9 10
0.001000 0.001000 5882.352941 7058.823529 10 10
1.000000 0.001000 -4117.647059 3529.411765 10 10
0.911853 0.706176 5294.117647 8823.529412 9 9
0.001000 1.000000 6470.588235 8823.529412 4 10
1.000000 0.001000 -5882.352941 -3529.411765 10 10
0.001000 0.001000 -10000.000000 -10000.000000 10 10
0.001000 1.000000 -5882.352941 6470.588235 4 10
0.001000 1.000000 4117.647059 -5294.117647 9 10
0.970618 0.764941 3529.411765 2941.176471 6 10
1.000000 0.001000 -8235.294118 -3529.411765 10 10
0.001000 1.000000 4117.647059 -7058.823529 4 10
1.000000 1.000000 -8235.294118 9411.764706 10 10
0.618029 0.706176 4117.647059 10000.000000 9 10
0.001000 1.000000 -10000.000000 -588.235294 2 10
0.001000 1.000000 6470.588235 -6470.588235 4 10
0.001000 1.000000 -5294.117647 7058.823529 6 10
1.000000 0.001000 1764.705882 3529.411765 10 10
0.001000 1.000000 4117.647059 10000.000000 8 10
0.001000 0.001000 4705.882353 5882.352941 10 10
0.001000 1.000000 -5294.117647 2941.176471 6 10
0.001000 1.000000 4117.647059 7647.058824 9 10
0.001000 1.000000 -3529.411765 -2941.176471 10 10
1.000000 1.000000 -5294.117647 5882.352941 10 10
0.001000 1.000000 4117.647059 1176.470588 9 10
0.911853 0.970618 -10000.000000 8823.529412 8 9
0.001000 0.001000 -9411.764706 -8235.294118 10 10
0.001000 1.000000 -4117.647059 8235.294118 10 10
1.000000 1.000000 1176.470588 8823.529412 10 10
0.001000 1.000000 -4117.647059 9411.764706 10 10
0.001000 1.000000 -4117.647059 6470.588235 10 10
0.001000 1.000000 5882.352941 5882.352941 5 10
0.001000 1.000000 -4705.882353 -7647.058824 8 10
0.001000 1.000000 4117.647059 8823.529412 10 10
1.000000 0.001000 -9411.764706 4117.647059 10 10
0.001000 1.000000 -6470.588235 -10000.000000 5 10
1.000000 0.001000 -4705.882353 4117.647059 10 10
1.000000 0.001000 3529.411765 4705.882353 10 10
0.001000 0.001000 -8235.294118 -7058.823529 10 10
0.001000 1.000000 4705.882353 8235.294118 10 10
0.001000 1.000000 -4117.647059 -2352.941176 10 10
0.001000 1.000000 -4705.882353 10000.000000 10 10
0.001000 1.000000 4705.882353 588.235294 9 10
0.001000 1.000000 -5882.352941 -1176.470588 6 10
1.000000 0.001000 -6470.588235 -4705.882353 10 10
1.000000 0.001000 2941.176471 4705.882353 10 10
1.000000 0.001000 -7058.823529 -4705.882353 10 10
0.001000 1.000000 -4705.882353 -3529.411765 10 10
0.001000 1.000000 -4705.882353 7058.823529 10 10
0.001000 1.000000 -4705.882353 -8823.529412 9 10
1.000000 0.001000 2352.941176 4705.882353 10 10
0.001000 1.000000 -4705.882353 4705.882353 10 10
1.000000 0.001000 -8235.294118 -4705.882353 10 10
0.001000 1.000000 -4705.882353 -2941.176471 10 10
0.001000 0.001000 4117.647059 4705.882353 10 10
0.001000 1.000000 -4705.882353 4117.647059 10 10
0.001000 0.001000 8823.529412 9411.764706 10 10
0.001000 1.000000 -4705.882353 -4117.647059 10 10
1.000000 0.001000 -5294.117647 -4705.882353 10 10
0.001000 1.000000 -4705.882353 -588.235294 10 10
0.001000 1.000000 -5294.117647 8823.529412 9 10
0.001000 1.000000 -4705.882353 5294.117647 10 10
0.001000 0.001000 -7058.823529 -5294.117647 10 10
0.001000 1.000000 4705.882353 9411.764706 10 10
0.001000 1.000000 -4705.882353 -1764.705882 10 10
1.000000 0.001000 -5882.352941 -4705.882353 10 10
1.000000 0.001000 -8823.529412 -5294.117647 10 10
0.001000 1.000000 5294.117647 6470.588235 9 10
1.000000 0.001000 1176.470588 4705.882353 10 10
1.000000 0.001000 -9411.764706 -5294.117647 10 10
0.001000 1.000000 4705.882353 7647.058824 10 10
0.001000 1.000000 -9411.764706 1764.705882 3 10
0.001000 1.000000 -5294.117647 588.235294 10 10
0.001000 0.001000 -10000.000000 -9411.764706 10 10
0.001000 1.000000 5294.117647 10000.000000 10 10
1.000000 0.001000 -10000.000000 -5294.117647 10 10
0.001000 1.000000 -5294.117647 -588.235294 10 10
0.001000 1.000000 -5882.352941 -1176.470588 9 10
0.001000 1.000000 -5882.352941 -7058.823529 9 10
0.001000 1.000000 5882.352941 -6470.588235 9 10
0.001000 1.000000 5882.352941 4117.647059 9 10
0.001000 0.001000 -8235.294118 -6470.588235 10 10
0.001000 1.000000 -5882.352941 4705.882353 9 10
0.001000 1.000000 5294.117647 5882.352941 10 10
0.001000 1.000000 5882.352941 -5882.352941 9 10
0.001000 1.000000 -5882.352941 -4705.882353 9 10
1.000000 0.001000 -2352.941176 5294.117647 10 10
0.001000 1.000000 -5882.352941 -2941.176471 9 10
1.000000 0.001000 -7647.058824 -5294.117647 10 10
0.001000 0.001000 4117.647059 5294.117647 10 10
0.001000 1.000000 -5882.352941 -4117.647059 9 10
0.001000 1.000000 -6470.588235 -5294.117647 8 10
0.001000 0.001000 -8235.294118 7647.058824 10 10
0.001000 1.000000 5882.352941 7058.823529 9 10
0.001000 1.000000 -6470.588235 7647.058824 8 10
