




0.001000 0.001000 0.000000 0.000000 0 0
0.001000 0.001000 4000.000000 4000.000000 1 1
0.013000 0.001000 689.655172 0.000000 14 20
0.001000 0.001000 275.862069 1103.448276 1 15
0.001000 0.001000 3724.137931 137.931034 1 3
0.006333 0.001000 3172.413793 551.724138 3 3
0.001000 0.001000 137.931034 4000.000000 3 3
0.003667 0.001000 3724.137931 137.931034 11 15
0.001000 0.003667 965.517241 3172.413793 5 9
0.001000 0.001000 137.931034 3310.344828 15 19
0.010333 0.001000 413.793103 0.000000 12 12
0.006333 0.001000 3172.413793 551.724138 3 15
0.001000 0.001000 3724.137931 137.931034 1 7
0.007667 0.001000 3448.275862 275.862069 1 1
0.001000 0.010333 137.931034 3862.068966 1 7
0.001000 0.003667 551.724138 3862.068966 1 13
0.007667 0.001000 4000.000000 2068.965517 3 13
0.006333 0.001000 3448.275862 275.862069 1 9
0.001000 0.001000 275.862069 1103.448276 8 11
0.001000 0.001000 275.862069 3862.068966 2 3
0.001000 0.001000 689.655172 0.000000 0 8
0.001000 0.001000 827.586207 275.862069 1 1
0.001000 0.001000 2896.551724 965.517241 1 11
0.001000 0.002333 1655.172414 2758.620690 1 17
0.001000 0.001000 413.793103 137.931034 1 4
0.001000 0.002333 413.793103 2482.758621 1 5
0.002333 0.001000 3172.413793 413.793103 1 1
0.001000 0.001000 689.655172 3172.413793 5 5
0.001000 0.001000 689.655172 0.000000 0 6
0.001000 0.001000 137.931034 413.793103 1 1
0.003667 0.001000 3724.137931 137.931034 15 19
0.009000 0.001000 137.931034 0.000000 20 20
0.001000 0.001000 3586.206897 827.586207 1 5
0.001000 0.001000 1241.379310 275.862069 1 1
0.001000 0.001000 413.793103 3586.206897 1 1
0.001000 0.006333 965.517241 3172.413793 3 18
0.001000 0.001000 413.793103 137.931034 1 12
0.001000 0.001000 275.862069 2482.758621 2 3
0.001000 0.001000 827.586207 275.862069 1 10
0.002333 0.002333 551.724138 3862.068966 4 19
0.006333 0.001000 2482.758621 689.655172 1 1
0.001000 0.001000 137.931034 413.793103 6 9
0.001000 0.001000 413.793103 137.931034 1 10
0.001000 0.001000 3448.275862 275.862069 1 13
0.001000 0.001000 689.655172 2206.896552 1 7
0.003667 0.001000 689.655172 137.931034 2 3
0.001000 0.001000 2896.551724 1241.379310 1 15
0.001000 0.001000 689.655172 0.000000 0 4
0.001000 0.001000 2206.896552 413.793103 1 4
0.002333 0.001000 689.655172 137.931034 2 7
0.001000 0.003667 3172.413793 551.724138 3 8
0.001000 0.003667 137.931034 3862.068966 19 19
0.001000 0.001000 1241.379310 275.862069 1 10
0.001000 0.011667 1931.034483 3448.275862 1 17
0.001000 0.001000 413.793103 1655.172414 1 7
0.006333 0.001000 3724.137931 137.931034 13 18
0.001000 0.001000 275.862069 1793.103448 2 3
0.001000 0.001000 3586.206897 689.655172 1 3
0.001000 0.003667 137.931034 3862.068966 6 11
0.001000 0.001000 1655.172414 413.793103 1 1
0.010333 0.005000 1793.103448 0.000000 19 20
0.001000 0.001000 1241.379310 2896.551724 3 9
0.001000 0.003667 275.862069 1103.448276 3 9
0.001000 0.001000 551.724138 2344.827586 1 1
0.001000 0.001000 137.931034 689.655172 2 3
0.001000 0.001000 413.793103 137.931034 1 20
0.002333 0.001000 413.793103 137.931034 1 2
0.001000 0.001000 1793.103448 275.862069 1 3
0.001000 0.001000 3034.482759 1103.448276 0 1
0.001000 0.001000 137.931034 413.793103 11 15
0.001000 0.001000 275.862069 827.586207 2 3
0.002333 0.010333 2068.965517 4000.000000 5 19
0.002333 0.001000 827.586207 275.862069 1 6
0.001000 0.001000 137.931034 689.655172 5 5
0.001000 0.001000 689.655172 137.931034 1 10
0.013000 0.001000 3448.275862 137.931034 16 17
0.001000 0.002333 551.724138 1793.103448 1 3
0.011667 0.006333 0.000000 0.000000 1 15
0.001000 0.003667 137.931034 3586.206897 17 18
0.001000 0.005000 3034.482759 1793.103448 1 20
0.005000 0.001000 2482.758621 827.586207 1 1
0.005000 0.001000 965.517241 3310.344828 14 15
0.010333 0.005000 0.000000 0.000000 1 13
0.005000 0.001000 827.586207 137.931034 7 9
0.001000 0.003667 0.000000 0.000000 17 17
0.001000 0.002333 137.931034 275.862069 2 3
0.001000 0.006333 137.931034 827.586207 10 11
0.001000 0.001000 413.793103 137.931034 1 7
0.001000 0.001000 1931.034483 551.724138 1 1
0.001000 0.006333 275.862069 1103.448276 1 9
0.005000 0.001000 1241.379310 137.931034 3 8
0.001000 0.001000 275.862069 137.931034 3 10
0.001000 0.001000 1379.310345 413.793103 1 1
0.001000 0.001000 137.931034 413.793103 13 13
0.005000 0.001000 1241.379310 137.931034 3 11
0.001000 0.006333 3448.275862 1931.034483 1 20
0.001000 0.001000 965.517241 0.000000 0 2
0.003667 0.001000 1241.379310 275.862069 1 6
0.001000 0.003667 137.931034 3724.137931 8 9
0.013000 0.003667 1241.379310 0.000000 15 17
0.002333 0.010333 689.655172 3862.068966 3 3
0.001000 0.001000 413.793103 1379.310345 1 1
0.001000 0.005000 137.931034 551.724138 16 16
0.001000 0.001000 413.793103 1931.034483 0 1
0.003667 0.001000 551.724138 137.931034 8 9
0.001000 0.001000 137.931034 413.793103 9 16
0.013000 0.001000 3724.137931 137.931034 17 19
0.001000 0.001000 2206.896552 413.793103 0 3
0.005000 0.001000 137.931034 0.000000 19 19
0.005000 0.001000 1241.379310 965.517241 1 10
0.001000 0.007667 137.931034 965.517241 7 8
0.001000 0.007667 827.586207 2068.965517 3 20
0.001000 0.001000 137.931034 275.862069 8 9
0.002333 0.001000 0.000000 0.000000 19 20
0.001000 0.001000 275.862069 137.931034 3 7
0.001000 0.003667 275.862069 1103.448276 8 9
0.001000 0.010333 137.931034 1241.379310 10 12
0.001000 0.001000 137.931034 689.655172 11 12
0.001000 0.001000 275.862069 137.931034 1 2
0.001000 0.005000 275.862069 1103.448276 3 14
0.002333 0.001000 2206.896552 689.655172 8 9
0.003667 0.001000 0.000000 0.000000 14 19
0.005000 0.005000 0.000000 0.000000 8 18
0.005000 0.001000 1793.103448 275.862069 2 5
0.001000 0.003667 137.931034 3448.275862 15 19
0.001000 0.001000 689.655172 137.931034 1 16
0.001000 0.001000 137.931034 413.793103 18 19
0.002333 0.001000 1241.379310 137.931034 9 13
0.001000 0.001000 413.793103 3724.137931 3 3
0.011667 0.002333 965.517241 0.000000 19 20
0.001000 0.001000 965.517241 275.862069 1 2
0.001000 0.001000 3724.137931 137.931034 1 20
0.001000 0.002333 137.931034 275.862069 7 13
0.001000 0.001000 137.931034 413.793103 8 8
0.006333 0.005000 0.000000 0.000000 8 20
0.001000 0.001000 965.517241 137.931034 1 4
0.011667 0.001000 3586.206897 137.931034 7 17
0.002333 0.001000 413.793103 137.931034 2 19
0.003667 0.001000 827.586207 2068.965517 3 20
0.001000 0.001000 275.862069 1793.103448 7 9
0.001000 0.001000 137.931034 689.655172 8 8
0.001000 0.001000 137.931034 1241.379310 4 5
0.001000 0.002333 137.931034 275.862069 9 20
0.002333 0.001000 0.000000 0.000000 13 19
0.002333 0.001000 0.000000 0.000000 2 18
0.011667 0.001000 3724.137931 137.931034 18 18
0.005000 0.006333 0.000000 0.000000 18 19
0.003667 0.001000 551.724138 137.931034 8 12
0.001000 0.003667 137.931034 551.724138 10 19
0.010333 0.001000 3448.275862 413.793103 2 13
0.005000 0.005000 0.000000 0.000000 11 18
0.001000 0.003667 137.931034 551.724138 9 14
0.002333 0.001000 275.862069 137.931034 7 18
0.001000 0.007667 137.931034 3586.206897 17 17
0.003667 0.001000 413.793103 137.931034 16 18
0.009000 0.005000 0.000000 0.000000 20 20
0.001000 0.003667 137.931034 275.862069 5 15
0.001000 0.002333 275.862069 827.586207 2 16
0.007667 0.002333 4000.000000 137.931034 11 19
0.001000 0.007667 137.931034 965.517241 13 19
0.003667 0.007667 137.931034 3586.206897 19 19
0.003667 0.001000 413.793103 137.931034 13 18
0.002333 0.007667 0.000000 0.000000 19 20
0.010333 0.007667 3586.206897 1793.103448 3 18
0.001000 0.002333 137.931034 413.793103 13 20
0.001000 0.003667 137.931034 413.793103 5 19
0.001000 0.001000 275.862069 137.931034 9 16
0.001000 0.011667 137.931034 0.000000 1 20
0.002333 0.003667 0.000000 0.000000 14 18
0.009000 0.003667 0.000000 137.931034 9 20
0.001000 0.010333 137.931034 3724.137931 18 19
0.002333 0.001000 0.000000 0.000000 13 18
0.003667 0.002333 0.000000 0.000000 19 20
0.001000 0.001000 137.931034 413.793103 14 16
0.011667 0.003667 0.000000 137.931034 19 20
0.010333 0.001000 3172.413793 551.724138 3 10
0.002333 0.013000 137.931034 0.000000 16 20
0.009000 0.001000 0.000000 137.931034 19 20
0.001000 0.001000 137.931034 275.862069 13 16
0.013000 0.002333 0.000000 137.931034 18 18
0.003667 0.002333 0.000000 0.000000 18 19
0.002333 0.013000 137.931034 0.000000 11 17
0.003667 0.001000 551.724138 137.931034 5 8
0.001000 0.001000 275.862069 137.931034 1 16
0.001000 0.003667 137.931034 413.793103 10 19
0.013000 0.002333 137.931034 137.931034 15 20
0.001000 0.001000 0.000000 0.000000 17 20
0.005000 0.006333 0.000000 0.000000 20 20
0.002333 0.001000 275.862069 137.931034 15 18
0.001000 0.002333 137.931034 275.862069 11 18
0.001000 0.002333 137.931034 413.793103 3 18
0.001000 0.013000 137.931034 4000.000000 19 20
0.003667 0.005000 0.000000 0.000000 19 20
0.013000 0.002333 0.000000 137.931034 20 20
0.005000 0.006333 137.931034 0.000000 19 20
0.005000 0.001000 413.793103 137.931034 18 18
0.011667 0.002333 4000.000000 137.931034 19 19
0.002333 0.002333 0.000000 0.000000 19 20
0.003667 0.010333 137.931034 0.000000 20 20
0.001000 0.002333 137.931034 275.862069 19 20
0.007667 0.003667 0.000000 137.931034 19 20
0.002333 0.007667 137.931034 4000.000000 20 20
0.002333 0.002333 0.000000 0.000000 16 19
0.002333 0.001000 275.862069 137.931034 18 20
0.003667 0.003667 0.000000 0.000000 20 20
0.003667 0.001000 413.793103 137.931034 20 20
0.001000 0.003667 137.931034 413.793103 18 20
0.001000 0.001000 0.000000 0.000000 20 20
0.005000 0.005000 0.000000 137.931034 20 20
0.002333 0.013000 137.931034 0.000000 20 20
0.013000 0.001000 4000.000000 137.931034 20 20
0.001000 0.011667 137.931034 1517.241379 13 14
0.002333 0.002333 0.000000 0.000000 20 20
0.001000 0.001000 413.793103 1241.379310 11 12
0.010333 0.003667 0.000000 137.931034 20 20
0.005000 0.005000 0.000000 0.000000 20 20
0.006333 0.001000 965.517241 137.931034 9 12
0.002333 0.001000 0.000000 0.000000 20 20
0.003667 0.007667 137.931034 0.000000 20 20
0.002333 0.013000 137.931034 4000.000000 20 20
0.003667 0.003667 0.000000 0.000000 18 20
0.013000 0.002333 4000.000000 137.931034 20 20
0.002333 0.003667 0.000000 0.000000 20 20
0.006333 0.003667 0.000000 137.931034 20 20
0.001000 0.013000 137.931034 2896.551724 20 20
0.011667 0.001000 3724.137931 137.931034 3 14
0.005000 0.005000 137.931034 0.000000 20 20
0.002333 0.003667 0.000000 0.000000 9 14
0.002333 0.002333 0.000000 0.000000 18 19
0.011667 0.002333 0.000000 137.931034 20 20
0.002333 0.011667 137.931034 0.000000 20 20
0.003667 0.005000 0.000000 0.000000 20 20
0.001000 0.001000 137.931034 689.655172 18 20
0.001000 0.001000 0.000000 0.000000 19 20
0.009000 0.003667 0.000000 137.931034 20 20
0.002333 0.013000 137.931034 137.931034 20 20
0.013000 0.001000 0.000000 137.931034 20 20
0.003667 0.006333 137.931034 0.000000 20 20
0.001000 0.013000 137.931034 3586.206897 20 20
0.013000 0.001000 3586.206897 137.931034 20 20
0.005000 0.002333 0.000000 0.000000 20 20
0.003667 0.009000 137.931034 0.000000 20 20
0.002333 0.001000 0.000000 0.000000 14 20
0.002333 0.001000 551.724138 137.931034 5 18
